2
    ,    ,    ,    ,1000,    ,1000,1000,1000,1000,1000,1000, 500, 500, 500, 500, 500, 500,1000
1000,1000,1000,1000,    ,1000,1000,1000,1000,1000,1000,1000, 500, 500, 500, 500, 500, 500,300
    ,    ,    ,    ,    ,    ,    ,    ,    ,    ,    ,    ,    ,    ,    ,    ,    ,    ,
    ,    ,    ,    ,    ,    ,    ,    ,    ,    ,    ,    ,    ,    ,    ,    ,    ,    ,
    ,    ,    ,    ,    ,    ,    ,    ,    ,    ,    ,    ,    ,    ,    ,    ,    ,    ,
    ,    ,    ,    ,    ,    ,    ,    ,    ,    ,    ,    ,    ,    ,    ,    ,    ,    ,
    ,    ,    ,    ,    ,    ,    ,    ,    ,    ,    ,    ,    ,    ,    ,    ,    ,    ,
    ,    ,    ,    ,    ,    ,    ,    ,    ,    ,    ,    ,    ,    ,    ,    ,    ,    ,
3
1000,1000,1000,1000,1000,    ,1000,1000,1000,1000,1000,1000, 200, 200, 500, 500, 500, 500,300
    ,    ,    ,    ,    , 100,1000,1000,1000,1000,1000,1000, 300, 300, 300, 300, 300, 300,1000
 500, 500, 500, 500, 500,    , 100, 100, 100, 100, 100,1000, 300, 300, 300, 300, 200, 300,1000
    ,    ,    ,    ,    ,    ,    ,    ,    ,    ,    ,    ,    ,    ,    ,    ,    ,    ,
    ,    ,    ,    ,    ,    ,    ,    ,    ,    ,    ,    ,    ,    ,    ,    ,    ,    ,
    ,    ,    ,    ,    ,    ,    ,    ,    ,    ,    ,    ,    ,    ,    ,    ,    ,    ,
    ,    ,    ,    ,    ,    ,    ,    ,    ,    ,    ,    ,    ,    ,    ,    ,    ,    ,
    ,    ,    ,    ,    ,    ,    ,    ,    ,    ,    ,    ,    ,    ,    ,    ,    ,    ,
4
1000,1000,1000,1000,1000,    ,1000,1000,1000,1000,1000,1000, 500, 500, 500, 500, 500, 500,300
    ,    ,    ,    ,    , 100,1000,1000,1000,1000,1000,1000, 500, 500, 500, 500, 500, 500,1000
 500, 500, 500, 500,    ,    , 300, 300, 300, 300, 300,1000, 300, 300, 300, 300, 300, 300,1000
    ,    ,    ,    , 510,    , 300, 300, 300, 300, 300,1000, 300, 300, 300, 300, 300, 600,1000
    ,    ,    ,    ,    ,    ,    ,    ,    ,    ,    ,    ,    ,    ,    ,    ,    ,    ,
    ,    ,    ,    ,    ,    ,    ,    ,    ,    ,    ,    ,    ,    ,    ,    ,    ,    ,
    ,    ,    ,    ,    ,    ,    ,    ,    ,    ,    ,    ,    ,    ,    ,    ,    ,    ,
    ,    ,    ,    ,    ,    ,    ,    ,    ,    ,    ,    ,    ,    ,    ,    ,    ,    ,
4
1000,1000,1000,1000,1000,    ,1000,1000,1000,1000,1000,1000,1000,1000,1000,1000,1000,1000,300
    ,    ,    ,    ,    ,   0,1000,1000,1000,1000,1000,1000,1000,1000,1000,1000,1000,1000,200
   0,   0, 800, 800, 700,    ,1000,1000, 500, 500, 500,1000, 700, 700, 300, 300, 300, 300,2000
    ,    , 600, 600, 600,    ,1000,1000, 200, 200, 200,1000, 700, 700, 300, 300, 300, 300,500
    ,    ,    ,    ,    ,    ,    ,    ,    ,    ,    ,    ,    ,    ,    ,    ,    ,    ,
    ,    ,    ,    ,    ,    ,    ,    ,    ,    ,    ,    ,    ,    ,    ,    ,    ,    ,
    ,    ,    ,    ,    ,    ,    ,    ,    ,    ,    ,    ,    ,    ,    ,    ,    ,    ,
    ,    ,    ,    ,    ,    ,    ,    ,    ,    ,    ,    ,    ,    ,    ,    ,    ,    ,
4
1000,1000,1000,1000,1000,    ,1000,1000,1000,1000,1000,1000,1000,1000,1000,1000,1000,1000,300
    ,    ,    ,    ,    ,   0,1000,1000,1000,1000,1000,1000,1000,1000,1000,1000,1000,1000,200
   0,   0, 800, 800, 700,    ,1000,1000, 500, 500, 500,1000, 700, 700, 300, 300, 300, 300,2000
    ,    , 600, 600, 600,    ,1000,1000, 200, 200, 200,1000, 700, 700, 400, 400, 400, 300,500
    ,    ,    ,    ,    ,    ,    ,    ,    ,    ,    ,    ,    ,    ,    ,    ,    ,    ,
    ,    ,    ,    ,    ,    ,    ,    ,    ,    ,    ,    ,    ,    ,    ,    ,    ,    ,
    ,    ,    ,    ,    ,    ,    ,    ,    ,    ,    ,    ,    ,    ,    ,    ,    ,    ,
    ,    ,    ,    ,    ,    ,    ,    ,    ,    ,    ,    ,    ,    ,    ,    ,    ,    ,
3 
1000,1000,1000,1000,1000,    ,1000,1000,1000,1000,1000,1000, 300, 300, 300, 300, 200, 400,300
    ,    , 600, 600, 600,  80,1000,1000,1000,1000,1000,1000, 300, 300, 300, 300, 200, 400,500
    ,    , 490, 490, 490,    ,1000,1000, 200, 200, 100,1000, 300, 300, 300, 300, 200, 400,500
    ,    ,    ,    ,    ,    ,    ,    ,    ,    ,    ,    ,    ,    ,    ,    ,    ,    ,
    ,    ,    ,    ,    ,    ,    ,    ,    ,    ,    ,    ,    ,    ,    ,    ,    ,    ,
    ,    ,    ,    ,    ,    ,    ,    ,    ,    ,    ,    ,    ,    ,    ,    ,    ,    ,
    ,    ,    ,    ,    ,    ,    ,    ,    ,    ,    ,    ,    ,    ,    ,    ,    ,    ,
    ,    ,    ,    ,    ,    ,    ,    ,    ,    ,    ,    ,    ,    ,    ,    ,    ,    ,
3 
1000,1000,1000,1000,1000,    ,1000,1000,1000,1000,1000,1000, 300, 300, 300, 300, 200, 400,300
    ,    , 600, 600, 600,  80,1000,1000,1000,1000,1000,1000, 300, 300, 300, 300, 200, 400,500
    ,    , 490, 490, 490,    ,1000,1000, 200, 200, 100,1000, 300, 300, 300, 300, 200, 400,500
    ,    ,    ,    ,    ,    ,    ,    ,    ,    ,    ,    ,    ,    ,    ,    ,    ,    ,
    ,    ,    ,    ,    ,    ,    ,    ,    ,    ,    ,    ,    ,    ,    ,    ,    ,    ,
    ,    ,    ,    ,    ,    ,    ,    ,    ,    ,    ,    ,    ,    ,    ,    ,    ,    ,
    ,    ,    ,    ,    ,    ,    ,    ,    ,    ,    ,    ,    ,    ,    ,    ,    ,    ,
    ,    ,    ,    ,    ,    ,    ,    ,    ,    ,    ,    ,    ,    ,    ,    ,    ,    ,
4
    ,    ,    ,    ,1000,    ,1000,1000,1000,1000,1000,1000,1000,1000,1000,1000,1000,1000,200
   0,   0,   0,   0,1000, 900,1000,1000,1000,1000,1000,1000, 600, 600, 600, 600, 600,1000,200
   0,   0,   0,   0, 300, 900,1000,1000,1000,1000,300,1000, 600, 600, 600, 600, 400,1000,2000
    ,    ,    ,    , 150, 900,1000,1000,1000,1000,50,1000, 600, 600, 600, 600, 400,1000,200
    ,    ,    ,    ,    ,    ,    ,    ,    ,    ,    ,    ,    ,    ,    ,    ,    ,    ,
    ,    ,    ,    ,    ,    ,    ,    ,    ,    ,    ,    ,    ,    ,    ,    ,    ,    ,
    ,    ,    ,    ,    ,    ,    ,    ,    ,    ,    ,    ,    ,    ,    ,    ,    ,    ,
    ,    ,    ,    ,    ,    ,    ,    ,    ,    ,    ,    ,    ,    ,    ,    ,    ,    ,
4
    ,    ,    ,    ,1000,    ,1000,1000,1000,1000,1000,1000,1000,1000,1000,1000,1000,1000,200
   0,   0,   0,   0,1000, 900,1000,1000,1000,1000,1000,1000, 600, 600, 600, 600, 600,1000,200
    ,    ,    ,    , 300, 900,1000,1000,1000,1000,300,1000, 600, 600, 600, 600, 700,1000,2000
    ,    ,    ,    ,   0, 900,1000,1000,1000,1000,100,1000, 600, 600, 600, 600, 700,1000,200
    ,    ,    ,    ,    ,    ,    ,    ,    ,    ,    ,    ,    ,    ,    ,    ,    ,    ,
    ,    ,    ,    ,    ,    ,    ,    ,    ,    ,    ,    ,    ,    ,    ,    ,    ,    ,
    ,    ,    ,    ,    ,    ,    ,    ,    ,    ,    ,    ,    ,    ,    ,    ,    ,    ,
    ,    ,    ,    ,    ,    ,    ,    ,    ,    ,    ,    ,    ,    ,    ,    ,    ,    ,
3
    ,    ,    ,    ,1000,    ,1000,1000,1000,1000,1000,1000,1000,1000,1000,1000,1000,1000,200
   0,   0,   0,   0,1000,1000,1000,1000,1000,1000,1000,1000, 600, 600, 600, 600, 600,1000,200
 400, 400, 400, 400,    ,    ,1000,1000,1000,1000,1000,1000, 600, 600, 600, 600, 700,1000,400
    ,    ,    ,    ,    ,    ,    ,    ,    ,    ,    ,    ,    ,    ,    ,    ,    ,    ,
    ,    ,    ,    ,    ,    ,    ,    ,    ,    ,    ,    ,    ,    ,    ,    ,    ,    ,
    ,    ,    ,    ,    ,    ,    ,    ,    ,    ,    ,    ,    ,    ,    ,    ,    ,    ,
    ,    ,    ,    ,    ,    ,    ,    ,    ,    ,    ,    ,    ,    ,    ,    ,    ,    ,
    ,    ,    ,    ,    ,    ,    ,    ,    ,    ,    ,    ,    ,    ,    ,    ,    ,    ,
5
    ,    ,    ,    ,1000,    ,1000,1000,1000,1000,1000,1000,1000,1000,1000,1000,1000,1000,400
   0,   0,   0, 98,    , 100,1000,1000,1000,1000,1000,1000, 400, 400, 400, 400, 600, 300,1500
    ,    ,    ,    , 580,    ,1000,1000,1000,1000, 500,1000, 400, 400, 400, 400, 300, 300,400
    ,    ,    ,1000,    ,    ,1000,1000,1000,1000, 500,1000, 400, 400, 400, 400, 300,1000,1500
    ,    ,    ,    ,1000,    ,1000,1000,1000,1000, 500,1000, 400, 400, 400, 400, 300,1000,1500
    ,    ,    ,    ,    ,    ,    ,    ,    ,    ,    ,    ,    ,    ,    ,    ,    ,    ,
    ,    ,    ,    ,    ,    ,    ,    ,    ,    ,    ,    ,    ,    ,    ,    ,    ,    ,
    ,    ,    ,    ,    ,    ,    ,    ,    ,    ,    ,    ,    ,    ,    ,    ,    ,    ,
5
    ,    ,    ,    ,1000,    ,1000,1000,1000,1000,1000,1000, 500, 500, 500, 500, 500, 500,1000
 228, 256, 271,    ,    ,    ,1000,1000,1000,1000,1000,1000, 500, 500, 500, 500, 500, 500,300
    ,    ,    ,    ,    , 860,1000,1000,1000,1000,1000,1000, 500, 500, 500, 500, 500, 500,300
    ,    ,    , 600, 475,    ,1000,1000,1000,1000,1000,1000, 500, 500, 500, 500, 500, 500,500
    ,    ,    , 427, 300,    ,1000,1000,1000,1000,1000,1000, 500, 500, 500, 500, 500, 500,500
    ,    ,    ,    ,    ,    ,    ,    ,    ,    ,    ,    ,    ,    ,    ,    ,    ,    ,
    ,    ,    ,    ,    ,    ,    ,    ,    ,    ,    ,    ,    ,    ,    ,    ,    ,    ,
    ,    ,    ,    ,    ,    ,    ,    ,    ,    ,    ,    ,    ,    ,    ,    ,    ,    ,
3
    ,    ,    ,    ,1000,    ,1000,1000,1000,1000,1000,1000, 500, 500, 500, 500, 500, 500,1000
 920, 920, 920, 920,    , 500,1000,1000,1000,1000,1000,1000, 500, 500, 500, 500, 500, 500,2000
 150, 300, 370, 450, 250, 500, 300, 300, 300, 300, 100,1000, 300, 300, 300, 300, 400, 500,2000
    ,    ,    ,    ,    ,    ,    ,    ,    ,    ,    ,    ,    ,    ,    ,    ,    ,    ,
    ,    ,    ,    ,    ,    ,    ,    ,    ,    ,    ,    ,    ,    ,    ,    ,    ,    ,
    ,    ,    ,    ,    ,    ,    ,    ,    ,    ,    ,    ,    ,    ,    ,    ,    ,    ,
    ,    ,    ,    ,    ,    ,    ,    ,    ,    ,    ,    ,    ,    ,    ,    ,    ,    ,
    ,    ,    ,    ,    ,    ,    ,    ,    ,    ,    ,    ,    ,    ,    ,    ,    ,    ,